

# Data set manually typed out
y <- c(199.0,205.0,196.0,200.0,218.0,220.0,215.0,223.0,237.0,234.0,235.0,230.0,250.0,248.0,253.0,246.0)
x <- c(rep(16,4),rep(24,4),rep(32,4),rep(40,4))      

